NUM_OUTPUT_UNITS:5
NUM_MEMBERS:25
targets
1.0,0.0,0.0,0.0,0.0
0.0,1.0,0.0,0.0,0.0
0.0,0.0,1.0,0.0,0.0
0.0,0.0,0.0,1.0,0.0
0.0,0.0,0.0,0.0,1.0
1.0,0.0,0.0,0.0,0.0
0.0,1.0,0.0,0.0,0.0
0.0,0.0,1.0,0.0,0.0
0.0,0.0,0.0,1.0,0.0
0.0,0.0,0.0,0.0,1.0
1.0,0.0,0.0,0.0,0.0
0.0,1.0,0.0,0.0,0.0
0.0,0.0,1.0,0.0,0.0
0.0,0.0,0.0,1.0,0.0
0.0,0.0,0.0,0.0,1.0
1.0,0.0,0.0,0.0,0.0
0.0,1.0,0.0,0.0,0.0
0.0,0.0,1.0,0.0,0.0
0.0,0.0,0.0,1.0,0.0
0.0,0.0,0.0,0.0,1.0
1.0,0.0,0.0,0.0,0.0
0.0,1.0,0.0,0.0,0.0
0.0,0.0,1.0,0.0,0.0
0.0,0.0,0.0,1.0,0.0
0.0,0.0,0.0,0.0,1.0